name=Lime Rock Park
zoom=20
x=-73.38939,-73.37588
y=41.92428,41.93057
xStep=0.0007
yStep=0.0006
